1746623305727 510.4762878417969 1
1746623506321 0.0002298717590747401 1000
1746623717809 6.711101741530001e-05 2000
1746623935432 5.367999983718619e-05 3000
1746624163424 3.927869693143293e-05 4000
1746624401437 3.7013738619862124e-05 5000
1746624632950 3.243060200475156e-05 6000
1746624865722 3.1519892218057066e-05 7000
1746625103617 3.2634619856253266e-05 8000
1746625349479 3.49489419022575e-05 9000
1746625600555 3.0689894629176706e-05 10000
1746625857459 3.473375181783922e-05 11000
1746626119974 0.0018998361192643642 12000
1746626386875 3.9324702811427414e-05 13000
1746626660148 4.279891436453909e-05 14000
1746626942726 4.4408552639652044e-05 15000
1746627231616 4.678127879742533e-05 16000
1746627523846 4.9046142521547154e-05 17000
1746627824874 0.00018126555369235575 18000
1746628131457 5.314994268701412e-05 19000
1746628441168 5.540643178392202e-05 20000
