1746623305742 0.004210654646158218 1
1746623506329 2.0174054952804e-05 1000
1746623717815 2.0204197426210158e-05 2000
1746623935441 2.021156069531571e-05 3000
1746624163438 2.0209135982440785e-05 4000
1746624401443 2.0214580217725597e-05 5000
1746624632959 2.020636929955799e-05 6000
1746624865729 2.0215733457007445e-05 7000
1746625103625 2.0216139091644436e-05 8000
1746625349485 2.021736145252362e-05 9000
1746625600565 2.0214662072248757e-05 10000
1746625857464 2.0217819837853312e-05 11000
1746626119980 2.02286882995395e-05 12000
1746626386879 2.021846557909157e-05 13000
1746626660162 2.0221150407451205e-05 14000
1746626942741 2.0219025827827863e-05 15000
1746627231622 2.0219191355863586e-05 16000
1746627523857 2.021961881837342e-05 17000
1746627824886 2.0221679733367637e-05 18000
1746628131465 2.0220288206473924e-05 19000
1746628441175 2.022080479946453e-05 20000
