1746623305734 0.0024815427605062723 1
1746623506325 0.00013989527360536158 1000
1746623717812 0.0001346279459539801 2000
1746623935437 0.00013366369239520282 3000
1746624163431 0.00013392699474934489 4000
1746624401440 0.00013320385187398642 5000
1746624632955 0.0001341763709206134 6000
1746624865726 0.00013297972327563912 7000
1746625103620 0.00013273858348838985 8000
1746625349482 0.00013244831643532962 9000
1746625600561 0.00013273829245008528 10000
1746625857461 0.00013221039262134582 11000
1746626119978 0.0001376192958559841 12000
1746626386877 0.00013178643712308258 13000
1746626660155 0.00013131732703186572 14000
1746626942733 0.00013130030129104853 15000
1746627231619 0.00013101310469210148 16000
1746627523852 0.0001307533384533599 17000
1746627824880 0.00013024854706600308 18000
1746628131461 0.00013015526928938925 19000
1746628441172 0.00012977184087503701 20000
