1746623305716 0.14174970984458923 1
1746623506316 4.537338099908084e-06 1000
1746623717806 1.1211988748982549e-05 2000
1746623935429 1.7491442122263834e-05 3000
1746624163417 1.5582943888148293e-05 4000
1746624401432 2.328083064639941e-05 5000
1746624632947 1.9412766050663777e-05 6000
1746624865718 2.9957784136058763e-05 7000
1746625103614 4.1495601180940866e-05 8000
1746625349477 5.4663312766933814e-05 9000
1746625600551 5.399377550929785e-05 10000
1746625857456 7.374483539024368e-05 11000
1746626119965 0.00011958026880165562 12000
1746626386871 0.00010714719246607274 13000
1746626660139 0.00012462398444768041 14000
1746626942716 0.00014926742005627602 15000
1746627231613 0.00017407466657459736 16000
1746627523839 0.00019889188115485013 17000
1746627824868 0.00022627929865848273 18000
1746628131454 0.0002558816922828555 19000
1746628441166 0.0002907288435380906 20000
