1746623305708 55283.2421875 1
1746623506311 21.595998764038086 1000
1746623717801 21.557199478149414 2000
1746623935425 21.5535831451416 3000
1746624163408 21.552349090576172 4000
1746624401429 21.550344467163086 5000
1746624632942 21.551395416259766 6000
1746624865715 21.5487117767334 7000
1746625103611 21.546829223632812 8000
1746625349474 21.545394897460938 9000
1746625600546 21.545167922973633 10000
1746625857452 21.54347038269043 11000
1746626119961 21.794984817504883 12000
1746626386867 21.540369033813477 13000
1746626660132 21.538728713989258 14000
1746626942708 21.536619186401367 15000
1746627231610 21.5341739654541 16000
1746627523831 21.532257080078125 17000
1746627824862 21.542518615722656 18000
1746628131450 21.52741050720215 19000
1746628441162 21.52435302734375 20000
